[header]
width=18
height=16

[layer]
type=background
data=
18,18,18,18,18,18,18,18,18,18,18,18,18,18,18,18,18,18,
18,9,3,3,3,3,3,3,3,3,3,3,3,3,3,3,10,18,
18,2,18,18,18,18,18,18,18,18,18,18,18,18,18,18,2,18,
18,6,3,3,3,3,3,3,5,3,3,3,3,5,3,3,2,18,
18,2,18,18,18,18,18,18,2,18,18,18,18,2,18,18,2,18,
18,2,18,18,18,18,18,18,2,18,18,18,18,11,10,18,2,18,
18,2,3,3,5,3,3,3,7,18,18,18,18,18,2,18,2,18,
18,2,18,18,2,18,18,18,2,18,18,18,18,18,2,18,2,18,
18,2,18,18,2,18,18,18,2,18,18,9,3,3,12,18,2,18,
18,2,18,18,2,18,18,18,2,18,18,2,18,18,18,18,2,18,
18,2,18,18,11,10,18,18,6,3,3,4,5,10,18,18,2,18,
18,2,18,18,18,11,10,18,2,18,18,18,11,12,18,18,2,18,
18,2,18,18,18,18,2,18,2,18,18,18,18,18,18,18,2,18,
18,2,18,9,3,3,4,3,4,3,3,3,3,3,3,3,12,18,
18,11,3,12,18,18,18,18,18,18,18,18,18,18,18,18,18,18,
18,18,18,18,18,18,18,18,18,18,18,18,18,18,18,18,18,18

[layer]
type=collision
data=
0,0,0,0,0,0,0,0,0,0,0,0,0,0,0,0,0,0,
0,0,0,0,0,0,0,0,0,0,0,0,0,0,0,0,0,0,
0,0,0,0,0,0,0,0,0,0,0,0,0,0,0,0,0,0,
0,0,0,0,0,0,0,0,0,0,0,0,0,0,0,0,0,0,
0,0,0,0,0,0,0,0,0,0,0,0,0,0,0,0,0,0,
0,0,0,0,0,0,0,0,0,0,0,0,0,0,0,0,0,0,
0,0,0,0,0,0,0,0,0,0,0,0,0,0,0,0,0,0,
0,0,0,0,0,0,0,0,0,0,0,0,0,0,0,0,0,0,
0,0,0,0,0,0,0,0,0,0,0,0,0,0,0,0,0,0,
0,0,0,0,0,0,0,0,0,0,0,0,0,0,0,0,0,0,
0,0,0,0,0,0,0,0,0,0,0,0,0,0,0,0,0,0,
0,0,0,0,0,0,0,0,0,0,0,0,0,0,0,0,0,0,
0,0,0,0,0,0,0,0,0,0,0,0,0,0,0,0,0,0,
0,0,0,0,0,0,0,0,0,0,0,0,0,0,0,0,0,0,
0,0,0,0,0,0,0,0,0,0,0,0,0,0,0,0,0,0,
0,0,0,0,0,0,0,0,0,0,0,0,0,0,0,0,0,0

[layer]
type=object
data=
0,0,0,0,0,0,0,0,0,0,0,0,0,0,0,0,0,0,
0,0,0,0,0,0,0,0,0,0,0,0,0,0,0,0,0,0,
0,0,0,0,0,0,0,0,0,0,0,0,0,0,0,0,0,0,
0,0,0,0,0,0,0,0,0,0,0,0,0,0,0,0,0,0,
0,0,0,0,0,0,0,0,0,0,0,0,0,0,0,0,0,0,
0,0,0,0,0,0,0,0,0,0,0,0,0,0,0,0,0,0,
0,0,0,0,0,0,0,0,0,0,0,0,0,0,0,0,0,0,
0,0,0,0,0,0,0,0,0,0,0,0,0,0,0,0,0,0,
0,0,0,0,0,0,0,0,0,0,0,0,0,0,0,0,0,0,
0,0,0,0,0,0,0,0,0,0,0,0,0,0,0,0,0,0,
0,0,0,0,0,0,0,0,0,0,0,0,0,0,0,0,0,0,
0,0,0,0,0,0,0,0,0,0,0,0,0,0,0,0,0,0,
0,0,0,0,0,0,0,0,0,0,0,0,0,0,0,0,0,0,
0,0,0,0,0,0,0,0,0,0,0,0,0,0,0,0,0,0,
0,0,0,0,0,0,0,0,0,0,0,0,0,0,0,0,0,0,
0,0,0,0,0,0,0,0,0,0,0,0,0,0,0,0,0,0

